2 0.014619883040935672 0.3925661375661375 0.029239766081871343 0.040634920634920635
2 0.0663157894736842 0.3897354497354497 0.040730994152046784 0.03873015873015873
2 0.12087719298245615 0.4076984126984127 0.043333333333333335 0.048174603174603176
2 0.18926900584795323 0.4223280423280423 0.0422953216374269 0.0358994708994709
2 0.26654970760233915 0.4365079365079365 0.0443859649122807 0.04156084656084656
2 0.3427777777777778 0.4615343915343916 0.046476608187134505 0.057645502645502646
2 0.4093567251461988 0.46439153439153436 0.03967836257309942 0.03685185185185185
2 0.5009941520467837 0.4752380952380952 0.04542397660818714 0.0358994708994709
2 0.5738304093567251 0.4865873015873016 0.03864035087719298 0.028333333333333335
2 0.6435380116959064 0.5158730158730159 0.0443859649122807 0.06425925925925925
2 0.6960087719298246 0.5243650793650794 0.04489766081871345 0.07748677248677248
2 0.7646783625730994 0.5253174603174603 0.059005847953216374 0.06801587301587302
2 0.8873684210526316 0.5234391534391535 0.05169590643274854 0.060476190476190475
2 0.9628216374269006 0.522962962962963 0.05013157894736842 0.06708994708994709