2 0.5499259259259259 0.7185990338164251 0.025796296296296296 0.03968599033816425
2 0.5185185185185185 0.7880434782608695 0.042333333333333334 0.02673913043478261
2 0.4252592592592592 0.8147826086956521 0.030425925925925926 0.049178743961352654
2 0.14483333333333331 0.6306038647342995 0.027777777777777776 0.043140096618357486
2 0.7635555555555555 0.7147101449275362 0.027111111111111114 0.10094202898550725
2 0.5509259259259259 0.8911352657004831 0.03835185185185185 0.036231884057971016
2 0.6448333333333333 0.9372946859903382 0.030425925925925926 0.05606280193236715
2 0.7146111111111111 0.9752415458937198 0.037703703703703705 0.04572463768115942
2 0.8402777777777778 0.7910628019323671 0.0667962962962963 0.16736714975845413
2 0.8918703703703704 0.967487922705314 0.027111111111111114 0.057801932367149755
2 0.5502592592592592 0.6314734299516909 0.01587037037037037 0.02070048309178744
2 0.5489444444444445 0.5615942028985508 0.018518518518518517 0.0776328502415459