2 0.2357258064516129 0.49262114537444934 0.1519758064516129 0.14825991189427312
2 0.8014112903225806 0.7408590308370044 0.15741935483870967 0.12962555066079295
2 0.5199193548387097 0.9077533039647577 0.11554435483870969 0.09742290748898677
2 0.28536290322580643 0.8539427312775331 0.04963709677419355 0.05422907488986784
2 0.1294959677419355 0.8217621145374449 0.11320564516129032 0.10843612334801761
2 0.07870967741935483 0.6908590308370044 0.05506048387096774 0.049977973568281944
2 0.45711693548387095 0.19740088105726875 0.12328629032258064 0.10674008810572687
2 0.46098790322580646 0.4002863436123348 0.059717741935483876 0.051674008810572686
2 0.7137903225806452 0.3117621145374449 0.05040322580645161 0.05759911894273127
2 0.750241935483871 0.33590308370044053 0.03955645161290323 0.03303964757709251
2 0.7180443548387097 0.43374449339207044 0.06514112903225806 0.06777533039647576
2 0.6420564516129031 0.4837444933920705 0.04032258064516129 0.038964757709251105
2 0.9154032258064516 0.6290308370044052 0.059717741935483876 0.05845814977973568