2 0.16777126099706746 0.6509513274336284 0.06259530791788856 0.05276548672566372
2 0.5399853372434017 0.8538938053097345 0.03778592375366569 0.06382743362831858
2 0.5368768328445748 0.5884070796460177 0.033841642228739 0.057013274336283185
2 0.8019354838709677 0.5739380530973451 0.02932551319648094 0.04170353982300885
2 0.8597507331378299 0.5935176991150443 0.04343108504398827 0.07061946902654867
2 0.9161436950146626 0.567566371681416 0.04117302052785923 0.03234513274336283
2 0.9748533724340176 0.5803318584070797 0.05030791788856305 0.051061946902654864
2 0.31158357771260997 0.6113938053097345 0.02538123167155425 0.02128318584070796
2 0.1376099706744868 0.18422566371681415 0.02593841642228739 0.036592920353982296
2 0.14436950146627564 0.10254424778761062 0.027067448680351908 0.03829646017699115
2 0.07979472140762464 0.11190265486725663 0.021994134897360705 0.033185840707964605
2 0.5729765395894428 0.016172566371681414 0.03158357771260997 0.03234513274336283