0 0.48201666666666665 0.31857142857142856 0.20905 0.1749122807017544
2 0.11333333333333333 0.8972431077694235 0.025 0.045112781954887216
2 0.30833333333333335 0.6403508771929824 0.023333333333333334 0.047619047619047616
2 0.3025 0.550125313283208 0.025 0.07017543859649122
2 0.31416666666666665 0.4724310776942356 0.025 0.05263157894736842
2 0.35833333333333334 0.43734335839599 0.025 0.03508771929824561
2 0.3458333333333333 0.5225563909774437 0.02 0.06015037593984962
2 0.4725 0.6654135338345865 0.025 0.05012531328320802
2 0.42333333333333334 0.7894736842105263 0.03333333333333333 0.047619047619047616
2 0.22583333333333333 0.6541353383458647 0.025 0.05012531328320802
2 0.23 0.7230576441102757 0.03 0.042606516290726815
2 0.25916666666666666 0.793233082706767 0.028333333333333332 0.08020050125313283