0 0.5951590909090909 0.4352916666666667 0.2095681818181818 0.7579583333333333
2 0.7785681818181818 0.6037083333333333 0.037000000000000005 0.049041666666666664
2 0.15018181818181817 0.5968333333333333 0.03461363636363637 0.03575
2 0.6945454545454546 0.592125 0.040295454545454544 0.0385
2 0.9028181818181819 0.5991666666666667 0.03847727272727273 0.03754166666666667
2 0.5612045454545455 0.8764166666666667 0.03977272727272727 0.06345833333333334
2 0.6575454545454545 0.9445833333333333 0.03822727272727273 0.07858333333333332
2 0.43724999999999997 0.8295416666666667 0.02943181818181818 0.05304166666666667
2 0.5278863636363637 0.9625833333333333 0.026863636363636364 0.069125
2 0.5666363636363636 0.9810416666666666 0.03615909090909091 0.037875
2 0.7494772727272727 0.06533333333333333 0.025818181818181817 0.051125
2 0.5085227272727273 0.8409166666666666 0.02738636363636364 0.05304166666666667