0 0.5 0.7674094707520891 1 0.46518105849582175
2 0.705168776371308 0.3043175487465181 0.017932489451476793 0.018105849582172703
2 0.7310126582278481 0.3008356545961003 0.020042194092827006 0.012534818941504178
2 0.75 0.29526462395543174 0.015822784810126583 0.018105849582172703
2 0.7716244725738397 0.2931754874651811 0.020042194092827006 0.022284122562674095
2 0.7916666666666666 0.29526462395543174 0.017932489451476793 0.037604456824512536
2 0.830168776371308 0.28064066852367686 0.03691983122362869 0.022284122562674095
2 0.8686708860759493 0.2681058495821727 0.015822784810126583 0.019498607242339833
2 0.8934599156118144 0.25974930362116994 0.014767932489451477 0.020891364902506964
2 0.4741561181434599 0.3607242339832869 0.015822784810126583 0.019498607242339833
2 0.44462025316455694 0.3683844011142061 0.016877637130801686 0.018105849582172703
2 0.40717299578059074 0.3774373259052925 0.014767932489451477 0.016713091922005572
2 0.35864978902953587 0.3892757660167131 0.020042194092827006 0.020891364902506964
2 0.33122362869198313 0.3955431754874652 0.012658227848101266 0.013927576601671309
2 0.3143459915611814 0.39763231197771587 0.012658227848101266 0.013927576601671309
2 0.28744725738396626 0.4073816155988858 0.015822784810126583 0.018105849582172703
2 0.2399789029535865 0.4206128133704735 0.015822784810126583 0.019498607242339833
2 0.16561181434599156 0.4373259052924791 0.017932489451476793 0.018105849582172703
2 0.18618143459915612 0.4275766016713092 0.016877637130801686 0.01532033426183844
2 0.20727848101265822 0.42409470752089135 0.012658227848101266 0.01532033426183844