2 0.9151093749999999 0.582421875 0.0609375 0.125265625
2 0.74921875 0.630078125 0.0546875 0.21640625
2 0.75859375 0.87109375 0.0328125 0.0640625
2 0.65234375 0.9640625 0.0390625 0.071875
2 0.640234375 0.6421875 0.06171875 0.215625
2 0.48515625 0.69609375 0.0609375 0.3390625
2 0.496484375 0.92265625 0.03984375 0.0796875
2 0.313671875 0.58828125 0.03046875 0.1953125
2 0.321875 0.9109375 0.03125 0.06875
2 0.203125 0.886328125 0.0375 0.08515625
2 0.201953125 0.690234375 0.04140625 0.29296875
2 0.064453125 0.63828125 0.05078125 0.1578125