2 0.04296875 0.365234375 0.044270833333333336 0.05859375
2 0.09765625 0.36328125 0.044270833333333336 0.05859375
2 0.3238958333333333 0.3383828125 0.046223958333333336 0.0634765625
2 0.23177083333333334 0.3383828125 0.0546875 0.0439453125
2 0.379234375 0.328125 0.047526041666666664 0.05078125
2 0.4895833333333333 0.3076171875 0.045572916666666664 0.025390625
2 0.5481770833333334 0.3037109375 0.049479166666666664 0.029296875
2 0.60775 0.291015625 0.046223958333333336 0.03125
2 0.742515625 0.291015625 0.044921875 0.05078125
2 0.7828802083333334 0.269046875 0.031901041666666664 0.0302734375
2 0.8255208333333334 0.271 0.044270833333333336 0.0263671875
2 0.8785833333333334 0.263671875 0.033203125 0.02734375
2 0.947265625 0.2529296875 0.03515625 0.029296875
2 0.66634375 0.2890625 0.038411458333333336 0.02734375
2 0.14453125 0.3291015625 0.03515625 0.025390625
2 0.18131770833333333 0.3330078125 0.034505208333333336 0.029296875
2 0.018880208333333332 0.331546875 0.037760416666666664 0.0380859375
2 0.435875 0.045414062500000005 0.054036458333333336 0.0517578125
2 0.93196875 0.1455078125 0.051432291666666664 0.041015625
2 0.80696875 0.2114296875 0.041015625 0.0322265625