2 0.4645 0.8500749625187406 0.029 0.06896551724137931
2 0.6485 0.9430284857571214 0.017 0.037481259370314844
2 0.6945 0.9422788605697151 0.024 0.03298350824587706
2 0.697 0.9865067466266867 0.025 0.026986506746626688
2 0.6895 0.7968515742128935 0.021 0.047976011994003
2 0.646 0.8868065967016492 0.016 0.031484257871064465
2 0.6425 0.8118440779610195 0.016 0.037481259370314844
2 0.644 0.8455772113943029 0.015 0.022488755622188907
2 0.6375 0.760119940029985 0.011 0.037481259370314844
2 0.692 0.6964017991004497 0.022 0.05697151424287856
2 0.693 0.8425787106446777 0.019 0.043478260869565216