0 0.15066439522998296 0.26194117647058823 0.3013287904599659 0.3437647058823529
2 0.42642248722316867 0.45541176470588235 0.024497444633730835 0.11305882352941175
2 0.4133901192504259 0.724735294117647 0.034599659284497444 0.05238235294117647
2 0.48844974446337314 0.8377647058823529 0.02715502555366269 0.05055882352941177
2 0.6018398637137989 0.3272058823529412 0.028211243611584325 0.03308823529411765
2 0.5358262350936968 0.8768529411764706 0.02395229982964225 0.04044117647058824
2 0.5400851788756388 0.9728823529411764 0.026081771720613288 0.04502941176470589
2 0.4200340715502555 0.5767352941176471 0.026626916524701876 0.04320588235294118
2 0.42190800681431007 0.6406176470588235 0.019693356047700172 0.038617647058823534
2 0.045519591141396934 0.4981764705882353 0.02502555366269165 0.04411764705882353
2 0.23183986371379897 0.7651764705882353 0.02502555366269165 0.034
2 0.579488926746167 0.6489117647058823 0.02182282793867121 0.029411764705882353