2 0.25502742230347347 0.2356164383561644 0.031078610603290677 0.049315068493150684
2 0.25685557586837293 0.3315068493150685 0.031078610603290677 0.049315068493150684
2 0.25502742230347347 0.40821917808219177 0.03473491773308958 0.043835616438356165
2 0.25502742230347347 0.5260273972602739 0.038391224862888484 0.052054794520547946
2 0.26142595978062155 0.8534246575342466 0.031078610603290677 0.06301369863013699
2 0.5182815356489945 0.2232876712328767 0.038391224862888484 0.043835616438356165
2 0.5027422303473492 0.5246575342465754 0.029250457038391225 0.0410958904109589
2 0.5036563071297989 0.5808219178082191 0.027422303473491772 0.04657534246575343
2 0.5502742230347349 0.5383561643835616 0.03290676416819013 0.049315068493150684
2 0.5521023765996343 0.6657534246575343 0.021937842778793418 0.038356164383561646
2 0.5118829981718465 0.7123287671232876 0.02010968921389397 0.0273972602739726
2 0.5155393053016454 0.7684931506849315 0.027422303473491772 0.043835616438356165
2 0.553016453382084 0.8082191780821918 0.021937842778793418 0.04657534246575343
2 0.5502742230347349 0.8589041095890411 0.021937842778793418 0.038356164383561646
2 0.5219378427787934 0.8479452054794521 0.02010968921389397 0.03287671232876712
2 0.7696526508226691 0.7054794520547946 0.027422303473491772 0.052054794520547946
2 0.4954296160877514 0.4438356164383562 0.02010968921389397 0.03287671232876712
2 0.7623400365630713 0.5452054794520548 0.025594149908592323 0.057534246575342465
2 0.2522851919561243 0.14657534246575343 0.027422303473491772 0.11232876712328767
2 0.7586837294332724 0.39863013698630134 0.021937842778793418 0.18904109589041096