2 0.26985559566787004 0.16064981949458484 0.05054151624548736 0.05595667870036101
2 0.4918772563176895 0.14620938628158844 0.061371841155234655 0.06498194945848375
2 0.7608303249097473 0.26263537906137185 0.07220216606498195 0.07220216606498195
2 0.7590252707581228 0.033393501805054154 0.04512635379061372 0.05415162454873646
2 0.7608303249097473 0.1931407942238267 0.048736462093862815 0.05054151624548736
2 0.8321299638989169 0.27617328519855594 0.039711191335740074 0.039711191335740074
2 0.6137184115523465 0.37364620938628157 0.032490974729241874 0.04151624548736462
2 0.6146209386281588 0.21660649819494585 0.03790613718411552 0.052346570397111915
2 0.5324909747292419 0.2779783393501805 0.04151624548736462 0.05054151624548736
2 0.49458483754512633 0.509927797833935 0.04151624548736462 0.048736462093862815
2 0.6209386281588448 0.4666064981949459 0.030685920577617327 0.03790613718411552
2 0.6155234657039711 0.5514440433212996 0.030685920577617327 0.02888086642599278
2 0.5027075812274369 0.6010830324909747 0.02527075812274368 0.030685920577617327
2 0.5036101083032491 0.4287003610108303 0.032490974729241874 0.03429602888086643
2 0.4855595667870036 0.3546931407942238 0.032490974729241874 0.036101083032490974
2 0.6155234657039711 0.3167870036101083 0.030685920577617327 0.039711191335740074
2 0.20487364620938628 0.2490974729241877 0.02888086642599278 0.036101083032490974