2 0.10885416666666667 0.4079153605015674 0.042708333333333334 0.24529780564263323
2 0.09166666666666666 0.6234326018808778 0.07083333333333333 0.0932601880877743
2 0.29921875 0.4263322884012539 0.0546875 0.26959247648902823
2 0.2752604166666667 0.7025862068965517 0.0796875 0.08855799373040753
2 0.49192708333333335 0.4572884012539185 0.04635416666666667 0.3283699059561129
2 0.46953125 0.7754702194357367 0.08489583333333334 0.09952978056426333
2 0.6885416666666667 0.4663009404388715 0.07083333333333333 0.3652037617554859
2 0.6567708333333333 0.8420846394984326 0.078125 0.10736677115987461
2 0.8591145833333333 0.7092476489028213 0.0328125 0.045454545454545456
2 0.8645833333333334 0.6532131661442007 0.03333333333333333 0.03369905956112853
2 0.8716145833333333 0.5752351097178683 0.024479166666666666 0.04075235109717868
2 0.8736979166666666 0.530564263322884 0.018229166666666668 0.023510971786833857
2 0.87734375 0.4772727272727273 0.021354166666666667 0.03918495297805643
2 0.8393229166666667 0.957680250783699 0.06614583333333333 0.04075235109717868