0 0.6201171875 0.48298828125 0.257158203125 0.536298828125
1 0.4716015625 0.7881640625 0.943193359375 0.205888671875
2 0.021435546875 0.404296875 0.021435546875 0.01236328125
2 0.043271484375 0.4071875 0.0156640625 0.01318359375
2 0.0861328125 0.405537109375 0.02390625 0.009892578125
2 0.116015625 0.4154296875 0.019365234375 0.029677734375
2 0.144248046875 0.406357421875 0.018134765625 0.0082421875
2 0.21142578125 0.412333984375 0.0173046875 0.013603515625
2 0.213486328125 0.4648828125 0.014833984375 0.014833984375
2 0.276328125 0.441591796875 0.01689453125 0.04080078125
2 0.277978515625 0.476630859375 0.013603515625 0.015244140625
2 0.294462890625 0.42408203125 0.015244140625 0.007421875
2 0.273447265625 0.510419921875 0.011123046875 0.011953125
2 0.27138671875 0.53041015625 0.013603515625 0.010712890625
2 0.264794921875 0.57017578125 0.011953125 0.0127734375
2 0.24974609375 0.60603515625 0.01318359375 0.018544921875
2 0.267265625 0.628701171875 0.011953125 0.015244140625
2 0.22990234375 0.300703125 0.020341796875 0.054521484375